703.4419266
703.8767576
704.3114551
704.7460193
705.1804504
705.6147485
706.0489139
706.4829468
706.9168472
707.3506155
707.7842518
708.2177563
708.6511291
709.0843705
709.5174807
709.9504598
710.383308
710.8160255
711.2486125
711.6810692
712.1133957
712.5455922
712.977659
713.4095962
713.8414039
714.2730824
714.7046318
715.1360524
715.5673443
715.9985076
716.4295426
716.8604495
717.2912284
717.7218795
718.1524029
718.5827989
719.0130676
719.4432093
719.873224
720.303112
720.7328735
721.1625085
721.5920173
722.0214001
722.4506571
722.8797883
723.3087941
723.7376745
724.1664297
724.59506
725.0235654
725.4519462
725.8802025
726.3083345
726.7363424
727.1642263
727.5919864
728.0196229
728.4471359
728.8745257
729.3017924
729.7289361
730.155957
730.5828554
731.0096313
731.4362849
731.8628165
732.2892261
732.7155139
733.1416802
733.567725
733.9936486
734.419451
734.8451325
735.2706933
735.6961334
736.1214531
736.5466525
736.9717319
737.3966912
737.8215308
738.2462508
738.6708513
739.0953325
739.5196946
739.9439377
740.3680619
740.7920676
741.2159547
741.6397236
742.0633742
742.4869069
742.9103217
743.3336188
743.7567984
744.1798606
744.6028057
745.0256336
745.4483447
745.870939
746.2934168
746.7157781
747.1380232
747.5601522
747.9821652
748.4040625
748.8258441
749.2475102
749.669061
750.0904966
750.5118172
750.933023
751.354114
751.7750905
752.1959526
752.6167004
753.0373342
753.457854
753.8782601
754.2985525
754.7187314
755.138797
755.5587495
755.9785889
756.3983154
756.8179292
757.2374305
757.6568193
758.0760959
758.4952603
758.9143128
759.3332535
759.7520825
760.1707999
760.589406
761.0079009
761.4262847
761.8445576
762.2627197
762.6807712
763.0987122
763.5165428
763.9342633
764.3518737
764.7693743
765.186765
765.6040462
766.021218
766.4382804
766.8552336
767.2720779
767.6888132
768.1054398
768.5219579
768.9383675
769.3546688
769.7708619
770.1869471
770.6029244
771.0187939
771.4345559
771.8502104
772.2657577
772.6811977
773.0965308
773.511757
773.9268765
774.3418894
774.7567958
775.171596
775.58629
776.0008779
776.41536
776.8297363
777.2440071
777.6581724
778.0722323
778.4861871
778.9000368
779.3137816
779.7274217
780.1409571
780.554388
780.9677146
781.380937
781.7940553
782.2070696
782.6199802
783.0327871
783.4454904
783.8580904
784.2705871
784.6829807
785.0952713
785.5074591
785.9195441
786.3315266
786.7434067
787.1551844
787.56686
787.9784335
788.3899052
788.8012751
789.2125433
789.62371
790.0347754
790.4457396
790.8566026
791.2673647
791.678026
792.0885866
792.4990466
792.9094061
793.3196654
793.7298245
794.1398836
794.5498428
794.9597022
795.3694619
795.7791222
796.188683
796.5981447
797.0075072
797.4167707
797.8259354
798.2350013
798.6439687
799.0528375
799.4616081
799.8702804
800.2788547
800.687331
801.0957095
801.5039903
801.9121736
802.3202594
802.7282479
803.1361393
803.5439336
803.951631
804.3592316
804.7667355
805.1741429
805.5814539
805.9886686
806.3957871
806.8028096
807.2097363
807.6165671
808.0233023
808.429942
808.8364863
809.2429353
809.6492891
810.055548
810.4617119
810.8677811
811.2737557
811.6796357
812.0854213
812.4911127
812.8967099
813.3022131
813.7076224
814.112938
814.5181598
814.9232882
815.3283232
815.7332649
816.1381134
816.5428689
816.9475315
817.3521013
817.7565785
818.1609631
818.5652553
818.9694552
819.3735629
819.7775786
820.1815024
820.5853343
820.9890746
821.3927233
821.7962806
822.1997465
822.6031213
823.0064049
823.4095977
823.8126995
824.2157107
824.6186313
825.0214614
825.4242011
825.8268506
826.22941
826.6318795
827.034259
827.4365488
827.8387489
828.2408595
828.6428808
829.0448127
829.4466555
829.8484093
830.2500741
830.6516501
831.0531375
831.4545363
831.8558466
832.2570686
832.6582024
833.0592481
833.4602059
833.8610758
834.2618579
834.6625524
835.0631594
835.463679
835.8641114
836.2644566
836.6647148
837.064886
837.4649704
837.8649682
838.2648794
838.6647041
839.0644425
839.4640947
839.8636607
840.2631408
840.662535
841.0618434
841.4610662
841.8602035
842.2592554
842.6582219
843.0571033
843.4558996
843.854611
844.2532375
844.6517793
845.0502365
845.4486092
845.8468976
846.2451016
846.6432215
847.0412574
847.4392094
847.8370775
848.234862
848.6325629
849.0301803
849.4277143
849.8251652
850.2225328
850.6198175
851.0170193
851.4141383
851.8111746
852.2081284
852.6049997
853.0017887
853.3984954
853.7951201
854.1916627
854.5881235
854.9845025
855.3807998
855.7770156
856.17315
856.569203
856.9651748
857.3610655
857.7568753
858.1526041
858.5482522
858.9438196
859.3393065
859.734713
860.1300391
860.525285
860.9204508
861.3155367
861.7105427
862.1054689
862.5003154
862.8950824
863.28977
863.6843782
864.0789073
864.4733572
864.8677281
865.2620202
865.6562335
866.0503681
866.4444242
866.8384018
867.2323011
867.6261222
868.0198652
868.4135301
868.8071172
869.2006265
869.5940581
869.9874122
870.3806888
870.773888
871.1670101
871.5600549
871.9530228
872.3459138
872.7387279
873.1314654
873.5241263
873.9167107
874.3092188
874.7016506
875.0940062
875.4862858
875.8784895
876.2706173
876.6626695
877.054646
877.446547
877.8383727
878.230123
878.6217982
879.0133983
879.4049235
879.7963738
880.1877494
880.5790503
880.9702767
881.3614287
881.7525064
882.1435099
882.5344392
882.9252946
883.3160761
883.7067839
884.0974179
884.4879784
884.8784655
885.2688792
885.6592197
886.049487
886.4396813
886.8298027
887.2198513
887.6098272
887.9997305
888.3895612
888.7793197
889.1690058
889.5586198
889.9481617
890.3376316
890.7270297
891.1163561
891.5056108
891.894794
892.2839057
892.6729462
893.0619154
893.4508135
893.8396407
894.2283969
894.6170824
895.0056971
895.3942413
895.782715
896.1711184
896.5594515
896.9477145
897.3359074
897.7240304
898.1120835
898.5000669
898.8879807
899.275825
899.6635999
900.0513055
900.4389418
900.8265091
901.2140074
901.6014368
901.9887975
902.3760894
902.7633128
903.1504678
903.5375544
903.9245727
904.3115229
904.6984051
905.0852193
905.4719657
905.8586444
906.2452555
906.6317991
907.0182752
907.4046841
907.7910257
908.1773003
908.5635079
908.9496486
909.3357226
909.7217299
910.1076706
910.4935448
910.8793527
911.2650944
911.6507699
